d_emb: 16
d_hid: 16
drop: 0.2
edge_img: true
edge_rna: true
epoch: 2000
gamma: 4
l1: 1.7000000000000002
l2: 50
lr: 0.0005
mask: 0.01
mask_edge: 0.6000000000000001
n_head: 4
replace: 0.0
t: 0.16
